MutagenObjectType: PlacedObject
FormKey: 0A89CA:Starfield.esm
Base: 29E174:Starfield.esm
Layer: 1DBADF:Starfield.esm
Position: 27.776207, 14.351485, 5.884453
Rotation: 0, 0, 0.20001894
