MutagenObjectType: PlacedObject
FormKey: 32169D:Starfield.esm
Base: 24EF64:Starfield.esm
Ownership:
  Owner: 0638E5:Starfield.esm
Layer: 344A32:Starfield.esm
Position: -227.46867, -185.6895, 0.21777534
Rotation: 0, 0, 6.221405
