MutagenObjectType: PlacedObject
FormKey: 11304A:Starfield.esm
FormVersion: 559
Base: 265AD8:Starfield.esm
SourcePackIn: 1D4CD0:Starfield.esm
Layer: 06DF98:Starfield.esm
Location: 028A08:Starfield.esm
Position: 27.209, 15.2017, 8.8282
Rotation: -1.5707964, 0.22920345, 6.283185
