MutagenObjectType: PlacedObject
FormKey: 01FE43:Starfield.esm
FormVersion: 559
Base: 0F6351:Starfield.esm
Layer: 26AEEB:Starfield.esm
Location: 2AC0E2:Starfield.esm
Position: -112.13617, -12.390058, 42.922302
Rotation: -1.7941623, -0.58999914, 1.2760599
