MutagenObjectType: PlacedObject
FormKey: 01FE3A:Starfield.esm
FormVersion: 559
Base: 33DD93:Starfield.esm
Layer: 26AEEB:Starfield.esm
Location: 2AC0E2:Starfield.esm
Position: -112.97675, -12.648729, 42.8748
Rotation: 6.275298, 6.1438885, 5.2832155
