MutagenObjectType: PlacedObject
FormKey: 01FE3C:Starfield.esm
FormVersion: 559
Base: 1557B6:Starfield.esm
Layer: 26AEEB:Starfield.esm
Location: 2AC0E2:Starfield.esm
Position: -112.6618, -12.080399, 42.9771
Rotation: 5.96783, 6.17316, 4.712389
