MutagenObjectType: PlacedObject
FormKey: 01FE41:Starfield.esm
FormVersion: 559
Base: 0F6351:Starfield.esm
Layer: 26AEEB:Starfield.esm
Location: 2AC0E2:Starfield.esm
Position: -111.25925, -12.453568, 42.919678
Rotation: -1.6716703, -0.3955339, 4.2682385
