MutagenObjectType: PlacedObject
FormKey: 03D28B:Starfield.esm
FormVersion: 559
Base: 150EE1:Starfield.esm
Location: 2A80C1:Starfield.esm
Position: -13.5, 22.825447, 34.6
Rotation: 3.1415927, -1.5707964, 1.5707964
