MutagenObjectType: PlacedObject
FormKey: 12E038:Starfield.esm
Base: 1D211F:Starfield.esm
LayeredMaterialSwaps:
- 33D9FB:Starfield.esm
Layer: 265DA5:Starfield.esm
Position: 1.607973, -3.9945793, 1.3317565
Rotation: 1.5707964, -0.2617994, 1.5707964
