MutagenObjectType: PlacedObject
FormKey: 101D8D:Starfield.esm
MajorRecordFlagsRaw: 66560
FormVersion: 559
StarfieldMajorRecordFlags:
- 0x400
- 0x10000
Base: 007145:Starfield.esm
Location: 2318E1:Starfield.esm
Position: 13.564841, 83.18496, 29.068481
Rotation: 0, -0, 2.0569997
