MutagenObjectType: PlacedObject
FormKey: 3690CF:Starfield.esm
FormVersion: 559
Base: 077816:Starfield.esm
Location: 237C10:Starfield.esm
Position: -31.136333, 45.436047, 5.25419
Rotation: 0, -0, 0.029203456
