MutagenObjectType: PlacedObject
FormKey: 1A4630:Starfield.esm
Base: 29E174:Starfield.esm
Layer: 1DBADF:Starfield.esm
Position: 17.594698, 56.675526, 21.559763
Rotation: 0, 0, 0.19999997
