MutagenObjectType: PlacedObject
FormKey: 126335:Starfield.esm
Base: 1D211F:Starfield.esm
Layer: 265DA5:Starfield.esm
Position: 21.02394, -9.824221, 1.3004745
Rotation: 6.158942E-06, 0.00026056904, 4.7970953
