MutagenObjectType: PlacedObject
FormKey: 1275BA:Starfield.esm
Base: 1D211F:Starfield.esm
Layer: 265DA5:Starfield.esm
Position: 1.5183078, -3.615147, 1.3007812
Rotation: 6.158942E-06, 0.00026056904, 4.7970953
